if model == "mixtral":
    nvfp4_times = [0.031971, 0.026903, 0.017878, 0.018286, 0.038200, 0.051696, 0.089943]
    mxfp8_times = [0.057560, 0.030071, 0.029754, 0.030085, 0.069115, 0.107542, 0.187313]
    fp8_times = [0.013490, 0.017457, 0.017485, 0.030701, 0.055265, 0.098988, 0.173424]

if model == "qwen":
    nvfp4_times = [0.010862, 0.010794, 0.010810, 0.010951, 0.011201, 0.020169, 0.029917]
    mxfp8_times = [0.017219, 0.016985, 0.017005, 0.017040, 0.017264, 0.036774, 0.056450]
    fp8_times = [0.006182, 0.008189, 0.008189, 0.011300, 0.018424, 0.031748, 0.051740]

